 MeshVersionFormatted 2
 Dimension
 3
 Vertices
 453
                   -1                        -1                         0      1
                   -1                         1                         0      2
                    1                         1                         0      3
                    1                        -1                         0      4
                    0                         0                         0      5
                  0.6                         0                         0      6
                    0                       0.6                         0      7
                 -0.6                         0                         0      8
                    0                      -0.6                         0      9
    -0.80000000000055                        -1                         0      1
    -0.60000000000111                        -1                         0      1
    -0.40000000000166                        -1                         0      1
    -0.20000000000222                        -1                         0      1
 -2.7522428780458E-12                        -1                         0      1
     0.19999999999778                        -1                         0      1
     0.39999999999834                        -1                         0      1
     0.59999999999889                        -1                         0      1
     0.79999999999945                        -1                         0      1
                    1         -0.80000000000055                         0      2
                    1         -0.60000000000111                         0      2
                    1         -0.40000000000166                         0      2
                    1         -0.20000000000222                         0      2
                    1      -2.7522428780458E-12                         0      2
                    1          0.19999999999778                         0      2
                    1          0.39999999999834                         0      2
                    1          0.59999999999889                         0      2
                    1          0.79999999999945                         0      2
     0.80000000000055                         1                         0      3
     0.60000000000111                         1                         0      3
     0.40000000000166                         1                         0      3
     0.20000000000222                         1                         0      3
  2.7522428780458E-12                         1                         0      3
    -0.19999999999778                         1                         0      3
    -0.39999999999834                         1                         0      3
    -0.59999999999889                         1                         0      3
    -0.79999999999945                         1                         0      3
                   -1          0.80000000000055                         0      4
                   -1          0.60000000000111                         0      4
                   -1          0.40000000000166                         0      4
                   -1          0.20000000000222                         0      4
                   -1       2.7522428780458E-12                         0      4
                   -1         -0.19999999999778                         0      4
                   -1         -0.39999999999834                         0      4
                   -1         -0.59999999999889                         0      4
                   -1         -0.79999999999945                         0      4
     0.59486691680095          0.07831571550931                         0      5
     0.57955549566499          0.15529142746625                         0      5
     0.55432771925096          0.22961006003663                         0      5
     0.51961524185783          0.30000000071505                         0      5
     0.47601200349728          0.36525685828812                         0      5
     0.42426406774145          0.42426406968241                         0      5
     0.36525685642817          0.47601200492446                         0      5
     0.29999999912995          0.51961524277299                         0      5
     0.22961005871242          0.55432771979947                         0      5
     0.15529142657306          0.57955549590432                         0      5
    0.078315715096232          0.59486691685533                         0      5
    -0.07831571550931          0.59486691680095                         0      6
    -0.15529142746625          0.57955549566499                         0      6
    -0.22961006003663          0.55432771925096                         0      6
    -0.30000000071505          0.51961524185783                         0      6
    -0.36525685828812          0.47601200349728                         0      6
    -0.42426406968241          0.42426406774145                         0      6
    -0.47601200492446          0.36525685642817                         0      6
    -0.51961524277299          0.29999999912995                         0      6
    -0.55432771979947          0.22961005871242                         0      6
    -0.57955549590432          0.15529142657306                         0      6
    -0.59486691685533         0.078315715096232                         0      6
    -0.59486691680095         -0.07831571550931                         0      7
    -0.57955549566499         -0.15529142746625                         0      7
    -0.55432771925096         -0.22961006003663                         0      7
    -0.51961524185783         -0.30000000071505                         0      7
    -0.47601200349728         -0.36525685828812                         0      7
    -0.42426406774145         -0.42426406968241                         0      7
    -0.36525685642817         -0.47601200492446                         0      7
    -0.29999999912995         -0.51961524277299                         0      7
    -0.22961005871242         -0.55432771979947                         0      7
    -0.15529142657306         -0.57955549590432                         0      7
   -0.078315715096232         -0.59486691685533                         0      7
     0.07831571550931         -0.59486691680095                         0      8
     0.15529142746625         -0.57955549566499                         0      8
     0.22961006003663         -0.55432771925096                         0      8
     0.30000000071505         -0.51961524185783                         0      8
     0.36525685828812         -0.47601200349728                         0      8
     0.42426406968241         -0.42426406774145                         0      8
     0.47601200492446         -0.36525685642817                         0      8
     0.51961524277299         -0.29999999912995                         0      8
     0.55432771979947         -0.22961005871242                         0      8
     0.57955549590432         -0.15529142657306                         0      8
     0.59486691685533        -0.078315715096232                         0      8
     0.44186227846679         -0.50431347130012                         0      1
    -0.50431347130012         -0.44186227846679                         0      1
     0.50431347130012          0.44186227846679                         0      1
    -0.44186227846679          0.50431347130012                         0      1
     -0.5543277200355          0.37038993944004                         0      1
     0.37038993944004           0.5543277200355                         0      1
    -0.37038993944004          -0.5543277200355                         0      1
      0.5543277200355         -0.37038993944004                         0      1
    -0.29486691762659          0.59793095735279                         0      1
     0.29486691762659         -0.59793095735279                         0      1
    -0.59793095735279         -0.29486691762659                         0      1
     0.59793095735279          0.29486691762659                         0      1
    -0.21391157603704         -0.63428599777957                         0      1
     0.63428599777957         -0.21391157603704                         0      1
     0.21391157603704          0.63428599777957                         0      1
    -0.63428599777957          0.21391157603704                         0      1
     0.13070576194851         -0.65835871382141                         0      1
    -0.65835871382141         -0.13070576194851                         0      1
    -0.13070576194851          0.65835871382141                         0      1
     0.65835871382141          0.13070576194851                         0      1
    -0.66848260405183          0.04381513688856                         0      1
    -0.04381513688856         -0.66848260405183                         0      1
     0.66848260405183         -0.04381513688856                         0      1
     0.04381513688856          0.66848260405183                         0      1
     0.82881344335589          0.68760967176914                         0      1
    -0.68760967176914          0.82881344335589                         0      1
     0.68760967176914         -0.82881344335589                         0      1
    -0.82881344335589         -0.68760967176914                         0      1
    -0.48242800236636         -0.83527624677128                         0      1
     0.83527624677128         -0.48242800236636                         0      1
     0.48242800236636          0.83527624677128                         0      1
    -0.83527624677128          0.48242800236636                         0      1
     0.83566367263092          0.29767138877073                         0      1
    -0.29767138877073          0.83566367263092                         0      1
     0.29767138877073         -0.83566367263092                         0      1
    -0.83566367263092         -0.29767138877073                         0      1
     0.10419443448185         -0.84226207284851                         0      1
     0.84226207284851          0.10419443448185                         0      1
    -0.84226207284851         -0.10419443448185                         0      1
    -0.10419443448185          0.84226207284851                         0      1
     0.85944694372297        -0.072498416509522                         0      1
     0.81409489667169         -0.21877112257763                         0      1
    0.072498416509522          0.85944694372297                         0      1
     0.21877112257763          0.81409489667169                         0      1
   -0.072498416509522         -0.85944694372297                         0      1
    -0.21877112257763         -0.81409489667169                         0      1
    -0.85944694372297         0.072498416509522                         0      1
    -0.81409489667169          0.21877112257763                         0      1
     0.82512423743282           0.4851888331411                         0      1
      0.6708029046683          0.57827101420602                         0      1
      0.6964705599612          0.45172518899901                         0      1
      0.4851888331411         -0.82512423743282                         0      1
     0.57827101420602          -0.6708029046683                         0      1
     0.45172518899901          -0.6964705599612                         0      1
     -0.4851888331411          0.82512423743282                         0      1
    -0.57827101420602           0.6708029046683                         0      1
    -0.45172518899901           0.6964705599612                         0      1
    -0.82512423743282          -0.4851888331411                         0      1
     -0.6708029046683         -0.57827101420602                         0      1
     -0.6964705599612         -0.45172518899901                         0      1
     0.65765063560136          0.77256302287557                         0      1
    -0.77256302287557          0.65765063560136                         0      1
     0.77256302287557         -0.65765063560136                         0      1
    -0.65765063560136         -0.77256302287557                         0      1
     0.55418874158593          0.37047033564171                         0      1
    -0.55418874158593         -0.37047033564171                         0      1
     0.37047033564171         -0.55418874158593                         0      1
    -0.37047033564171          0.55418874158593                         0      1
    -0.63776386649398         -0.21887337425313                         0      1
     0.21887337425313         -0.63776386649398                         0      1
     0.63776386649398          0.21887337425313                         0      1
    -0.21887337425313          0.63776386649398                         0      1
    -0.44238273156619          -0.5063322549138                         0      1
    -0.45062888066514         -0.60465930434487                         0      1
    -0.36744682843241         -0.65721473850199                         0      1
    -0.53701975026112         -0.54499277512329                         0      1
      0.5063322549138         -0.44238273156619                         0      1
     0.60465930434487         -0.45062888066514                         0      1
     0.65721473850199         -0.36744682843241                         0      1
     0.54499277512329         -0.53701975026112                         0      1
     0.44238273156619           0.5063322549138                         0      1
     0.45062888066514          0.60465930434487                         0      1
     0.36744682843241          0.65721473850199                         0      1
     0.53701975026112          0.54499277512329                         0      1
     -0.5063322549138          0.44238273156619                         0      1
    -0.60465930434487          0.45062888066514                         0      1
    -0.65721473850199          0.36744682843241                         0      1
    -0.54499277512329          0.53701975026112                         0      1
     0.13065401051629          0.65803976848121                         0      1
    -0.65803976848121          0.13065401051629                         0      1
     0.65803976848121         -0.13065401051629                         0      1
    -0.13065401051629         -0.65803976848121                         0      1
    -0.66892051852028        -0.043775310933634                         0      1
    0.043775310933634         -0.66892051852028                         0      1
     0.66892051852028         0.043775310933634                         0      1
   -0.043775310933634          0.66892051852028                         0      1
    -0.29647186294242          0.69481301258406                         0      1
     0.29647186294242         -0.69481301258406                         0      1
    -0.69481301258406         -0.29647186294242                         0      1
     0.69481301258406          0.29647186294242                         0      1
     0.19089372457835         -0.73483893096306                         0      1
    -0.73483893096306         -0.19089372457835                         0      1
    -0.19089372457835          0.73483893096306                         0      1
     0.73483893096306          0.19089372457835                         0      1
     0.56298853526475            0.685340029189                         0      1
       0.685340029189         -0.56298853526475                         0      1
      -0.685340029189          0.56298853526475                         0      1
    -0.56298853526475           -0.685340029189                         0      1
     0.29383343929422          0.60107629757291                         0      1
    -0.60107629757291          0.29383343929422                         0      1
     0.60107629757291         -0.29383343929422                         0      1
    -0.29383343929422         -0.60107629757291                         0      1
    -0.44338657893419         -0.71182715086743                         0      1
    -0.35344064794228         -0.77664543553003                         0      1
     0.71182715086743         -0.44338657893419                         0      1
     0.77664543553003         -0.35344064794228                         0      1
     0.44338657893419          0.71182715086743                         0      1
     0.35344064794228          0.77664543553003                         0      1
    -0.71182715086743          0.44338657893419                         0      1
    -0.77664543553003          0.35344064794228                         0      1
    -0.18812265868995         -0.70918218757193                         0      1
   -0.098114694040919         -0.74525509304703                         0      1
 -4.0952205754232E-11         -0.75164262904804                         0      1
     0.70918218757193         -0.18812265868995                         0      1
     0.74525509304703        -0.098114694040919                         0      1
     0.75164262904804      -4.0952192074045E-11                         0      1
     0.18812265868995          0.70918218757193                         0      1
    0.098114694040919          0.74525509304703                         0      1
  4.0952192074045E-11          0.75164262904804                         0      1
    -0.70918218757193          0.18812265868995                         0      1
    -0.74525509304703         0.098114694040919                         0      1
    -0.75164262904804       4.0952205754232E-11                         0      1
   -0.094922897435484          0.73376676571432                         0      1
    0.094922897435484         -0.73376676571432                         0      1
    -0.73376676571432        -0.094922897435484                         0      1
     0.73376676571432         0.094922897435484                         0      1
    -0.45495449191623          0.59330320487268                         0      1
     0.45495449191623         -0.59330320487268                         0      1
    -0.59330320487268         -0.45495449191623                         0      1
     0.59330320487268          0.45495449191623                         0      1
    -0.80087092795176           -0.848881175318                         0      1
       0.848881175318         -0.80087092795176                         0      1
     0.80087092795176            0.848881175318                         0      1
      -0.848881175318          0.80087092795176                         0      1
     0.27916189027788          0.69423518188013                         0      1
    -0.69423518188013          0.27916189027788                         0      1
    -0.27916189027788         -0.69423518188013                         0      1
     0.69423518188013         -0.27916189027788                         0      1
     0.37380315600336         -0.64931189309233                         0      1
    -0.64931189309233         -0.37380315600336                         0      1
     0.64931189309233          0.37380315600336                         0      1
    -0.37380315600336          0.64931189309233                         0      1
    -0.37907438680643            0.745673305728                         0      1
     0.37907438680643           -0.745673305728                         0      1
      -0.745673305728         -0.37907438680643                         0      1
       0.745673305728          0.37907438680643                         0      1
      0.8852033157946         -0.33092795457803                         0      1
     0.33092795457803           0.8852033157946                         0      1
     -0.8852033157946          0.33092795457803                         0      1
    -0.33092795457803          -0.8852033157946                         0      1
     0.16645143959461          0.51837131869636                         0      2
    -0.16486332581995         -0.50539974875601                         0      2
    -0.50065644383156          0.16963226231729                         0      2
     0.50257978444825         -0.17060284765616                         0      2
    -0.23544685759632          0.48720644988503                         0      2
    -0.48195436673002         -0.22956349431895                         0      2
     0.23751479910051         -0.47493749536168                         0      2
      0.4696893144536          0.24048749337374                         0      2
    -0.40492944420885          0.36369047247008                         0      2
    -0.35629650092937         -0.40052828696769                         0      2
      0.3990362933276          -0.3499454355963                         0      2
     -0.5296100594335         -0.03471247731631                         0      2
    0.030969899516304         -0.53437500793225                         0      2
     0.53323615928186         0.030489077621599                         0      2
     0.35303339058159          0.40316473491153                         0      2
   -0.025916041664082          0.52764802598074                         0      2
    -0.53540400046006         0.042084883988739                         0      2
    -0.46725009658683         0.010509215282422                         0      2
      -0.458995224861        -0.067272089263686                         0      2
    -0.39545625471028        -0.022798979794505                         0      2
     -0.3879327788158         -0.10090900999939                         0      2
    -0.32402821723904        -0.055579019239106                         0      2
    -0.33153461960694         0.022507237011175                         0      2
    -0.26008815217366        -0.010148080290678                         0      2
    -0.25263554578021        -0.088261489669804                         0      2
    -0.18869900775493        -0.042752070200427                         0      2
    -0.19615543571963         0.035374478243751                         0      2
    -0.12476544184311        0.0027680308445567                         0      2
    -0.11730859383273        -0.075360662407838                         0      2
   -0.053375413446415        -0.029839011041791                         0      2
    -0.06083226774139          0.04828978137474                         0      2
    0.010557617827457         0.015683158727436                         0      2
    0.018014447438246        -0.062445564151471                         0      2
    0.081947483424686        -0.016923407371175                         0      2
    0.074490657646175         0.061205304162201                         0      2
    0.089404309832858        -0.095052120664926                         0      2
     0.15333734595512        -0.049529964647093                         0      2
     0.02547127411096         -0.14057427772625                         0      2
    0.096861135855758         -0.17318083279745                         0      2
    0.032928099831722         -0.21870298926313                         0      2
     0.10431796165991         -0.25130954440015                         0      2
     0.16825099768541         -0.20578738810795                         0      2
     0.04038492563626         -0.29683170069213                         0      2
   -0.031004936186762         -0.26422514557972                         0      2
   -0.023548110384726         -0.34235385697719                         0      2
   -0.094937972152542         -0.30974730178979                         0      2
     0.17570782344718         -0.28391609959081                         0      2
     0.23964085946356          -0.2383939433197                         0      2
     0.24709768523065         -0.31652265478619                         0      2
     0.04784175139561         -0.37496041215196                         0      2
    -0.10239479825703         -0.23161859045205                         0      2
    -0.16632783394517         -0.27714074663787                         0      2
      0.2321840337041         -0.16026523187027                         0      2
     0.30357389544884         -0.19287178705528                         0      2
      0.2961170696847         -0.11474307562391                         0      2
    -0.15862035360773         -0.35472066679635                         0      2
    -0.22884107552116         -0.32243991565645                         0      2
    -0.23748106330853         -0.24449702700892                         0      2
    -0.29944817607976         -0.28868063805509                         0      2
     0.18201150997203         -0.36042529875926                         0      2
     0.36624194688306         -0.14747036450507                         0      2
     0.35983927491614        -0.069241041650008                         0      2
     0.28862510546907        -0.036617717888793                         0      2
     0.35255228506127        0.0089038794266153                         0      2
     0.28119072926999         0.041513136236216                         0      2
     0.34512750689044         0.087035649625583                         0      2
     0.27374298635292          0.11964271462549                         0      2
     0.33765123364316          0.16516250500557                         0      2
     0.26628443315314          0.19777126125849                         0      2
     0.20235597042059          0.15224954145446                         0      2
     0.19489888921066          0.23037822857688                         0      2
     0.13096676092222          0.18485615892345                         0      2
     0.12350985576448          0.26298486284458                         0      2
    0.059576971839075          0.21746272107326                         0      2
    0.052120144136109          0.29559143239334                         0      2
   -0.011812854856115          0.25006927963056                         0      2
   -0.019269686797618          0.32819799056287                         0      2
   -0.083202717705705          0.28267583475724                         0      2
     0.18744287857573          0.30850701787537                         0      2
   -0.090659543648376          0.36080454625252                         0      2
     -0.1545925785943          0.31528239005611                         0      2
    -0.14713575291125          0.23715367855709                         0      2
    -0.21852561456452          0.26976023376026                         0      2
    0.044663348230702          0.37372014676565                         0      2
    -0.21106878897685           0.1916315225633                         0      2
    -0.28245865056479          0.22423807752474                         0      2
     0.33019087872337          0.24329087968739                         0      2
     0.40536521518041          0.13222064505936                         0      2
    -0.30872076082005         -0.21168955561891                         0      2
    -0.27500206080562          0.14610939658851                         0      2
    -0.34639173244145          0.17871596015808                         0      2
     -0.1396789279122          0.15902496723244                         0      2
  -0.0043560349181881          0.17194056759279                         0      2
    -0.22710433008714          0.34543264297124                         0      2
   -0.015833448334625         -0.41782741159745                         0      2
      0.3717693469889         -0.22311984874826                         0      2
    -0.22418896343522         -0.40111020611084                         0      2
     0.42075238127481        -0.024007116045838                         0      2
     -0.3672973819864         -0.25556852030752                         0      2
    -0.35039031585671          0.25611607124819                         0      2
    -0.41778154821059          0.21132247640784                         0      2
    -0.41459458494046            0.134581108727                         0      2
     -0.4519593777865         -0.15484570181464                         0      2
     0.24829769115874         -0.39195759886282                         0      2
    -0.47692079843169         0.086552377742973                         0      2
     0.32470529424973         -0.34859689326067                         0      2
    0.056631445109174         -0.46284141458178                         0      2
    -0.37530219861383         -0.17988320748953                         0      2
    -0.40411525319559         0.055323099321351                         0      2
    -0.31563233711816         -0.13378796033989                         0      2
    -0.18124232566236         -0.12088026943032                         0      2
    -0.26755456621974         0.067988913487253                         0      2
    -0.10985178803253         -0.15348928599028                         0      2
    -0.24498994572444         -0.16636922498017                         0      2
   -0.045918588379517         -0.10796772347208                         0      2
    -0.13222218375786         0.080896413661518                         0      2
   -0.087145743383832         -0.38679323063623                         0      2
   -0.080819552690519         -0.47034596124053                         0      2
    -0.28593082114439          0.30217912116042                         0      2
    -0.29542711173959          0.37878550299291                         0      2
     0.16079417183088         -0.12765867642327                         0      2
     0.30996901237112         -0.26831991132027                         0      2
     0.20981071387239         0.074120631217288                         0      2
    -0.16252634298292           0.3893770175749                         0      2
   -0.099021807745505          0.43356341479231                         0      2
     0.25882652860727          0.27589986980386                         0      2
     0.24773146938499          0.35282545775376                         0      2
     0.17776780322033          0.38290799966816                         0      2
     0.23872981569565          0.41888594153604                         0      2
     0.32613154211949          0.33052622930033                         0      2
     0.39816202362592          0.28116730753317                         0      2
   -0.075745892253173            0.204547123272                         0      2
   -0.028188326910432          0.40256157593727                         0      2
    0.027269840391125          0.46010751207993                         0      2
     0.11568340356945          0.34049229388264                         0      2
     0.11810842873143         -0.40730291815096                         0      2
      0.1273114117195         -0.46987292778403                         0      2
   -0.068289084958637          0.12641845163703                         0      2
     0.41217336355918         0.054017078860885                         0      2
     0.47896470851267         0.099741910161432                         0      2
     0.10445225414827          0.41539102082169                         0      2
      0.1113954001404         -0.32912432895754                         0      2
     0.44384524447659         -0.10853618769697                         0      2
     0.49265982587895        -0.043430493520951                         0      2
     0.22472135147302        -0.082137079239654                         0      2
   0.0031007931664374         0.093811864968458                         0      2
     0.21726096106813       -0.0040087080110027                         0      2
    0.067033807213858          0.13933401240605                         0      2
     0.13842307174073          0.10672739906991                         0      2
     0.14587837228454         0.028598542403355                         0      2
   -0.038461789485527         -0.18609633541392                         0      2
    -0.17373463556975         -0.19900286073892                         0      2
    -0.20361366056532          0.11350428196279                         0      2
    -0.33986546953497          0.10087095254889                         0      2
     0.40073039419069          0.20956019993068                         0      2
    -0.15608653586098         -0.43315297108327                         0      2
    -0.52135025404458           -0.111039679484                         0      2
     0.10086574697652          0.48724664901147                         0      2
      0.4376947136594         -0.18905308779062                         0      2
     0.44543563959887         -0.25628151342594                         0      2
    -0.36153468763693         -0.32871160964006                         0      2
    -0.43423447842723          -0.2949393615057                         0      2
    -0.29079324547521          -0.3651616733082                         0      2
    -0.29537331919549         -0.44171492414343                         0      2
      0.3082083922341         -0.43519707859337                         0      2
    -0.16451463266068           0.4645294250918                         0      2
    -0.10686909150082          0.51304333321765                         0      2
    -0.48323342024611          0.23896980091034                         0      2
    -0.42738509855859          0.29605541109663                         0      2
   -0.040138784620393         -0.53550903646297                         0      2
    0.044540011248435           0.5369331953465                         0      2
     0.51244550072726          0.16814106738793                         0      2
    -0.10388576096003         -0.53713543184383                         0      2
    -0.29958798332947          0.44783563272786                         0      2
     0.40556583580854          0.35437291782007                         0      2
     0.18346546608034         -0.43192013219902                         0      2
    -0.51782944269541          -0.1760700726241                         0      2
    -0.35486653015647          0.40460331341857                         0      2
      -0.228353700359           -0.475886802111                         0      2
     0.52917150670273         -0.10495631586988                         0      2
     0.37802465778117         -0.29200215160021                         0      2
    -0.23674395443004          0.41404269620752                         0      2
     0.29901755941622          0.45067587960133                         0      2
     0.45597075818667          0.30466992120165                         0      2
  -0.0070874411926873         -0.48268033893772                         0      2
   -0.046545085485944          0.46738477240158                         0      2
     0.18350524294295          -0.5119797721793                         0      2
     0.46755728770149         0.023362091415425                         0      2
    -0.41301215852618         -0.36292272544249                         0      2
     0.24081080567613          0.49149637984624                         0      2
    -0.53937797608458          0.10709353027142                         0      2
     0.54116373302124          0.10764415955554                         0      2
    -0.33973371369039          0.33703220108181                         0      2
      0.4509720334601          0.17607135373401                         0      2
    -0.17802675519941           0.5215626080728                         0      2
    0.098519003954767         -0.53270166444576                         0      2
     0.55200666877993        -0.036180428459066                         0      2
     0.16601568856194          0.44680197549848                         0      2
     0.44601891018278         -0.31489509773832                         0      2
     0.49629631956074          -0.2283077647113                         0      2
    -0.42035137489006         -0.22266005230086                         0      2
     0.29344788964086          0.39232956742234                         0      2
     0.10902079643642          0.54447586451628                         0      2
     0.36691747536669         -0.40487742230413                         0      2
 Edges
 88
 1 10 1
 10 11 1
 11 12 1
 12 13 1
 13 14 1
 14 15 1
 15 16 1
 16 17 1
 17 18 1
 18 4 1
 4 19 2
 19 20 2
 20 21 2
 21 22 2
 22 23 2
 23 24 2
 24 25 2
 25 26 2
 26 27 2
 27 3 2
 3 28 3
 28 29 3
 29 30 3
 30 31 3
 31 32 3
 32 33 3
 33 34 3
 34 35 3
 35 36 3
 36 2 3
 2 37 4
 37 38 4
 38 39 4
 39 40 4
 40 41 4
 41 42 4
 42 43 4
 43 44 4
 44 45 4
 45 1 4
 6 46 5
 46 47 5
 47 48 5
 48 49 5
 49 50 5
 50 51 5
 51 52 5
 52 53 5
 53 54 5
 54 55 5
 55 56 5
 56 7 5
 7 57 6
 57 58 6
 58 59 6
 59 60 6
 60 61 6
 61 62 6
 62 63 6
 63 64 6
 64 65 6
 65 66 6
 66 67 6
 67 8 6
 8 68 7
 68 69 7
 69 70 7
 70 71 7
 71 72 7
 72 73 7
 73 74 7
 74 75 7
 75 76 7
 76 77 7
 77 78 7
 78 9 7
 9 79 8
 79 80 8
 80 81 8
 81 82 8
 82 83 8
 83 84 8
 84 85 8
 85 86 8
 86 87 8
 87 88 8
 88 89 8
 89 6 8
 Triangles
 862
 13 134 135 1
 40 136 137 1
 22 130 131 1
 31 132 133 1
 122 138 245 1
 123 144 242 1
 124 141 243 1
 125 147 244 1
 11 118 153 1
 20 119 152 1
 29 120 150 1
 38 121 151 1
 11 153 230 1
 20 152 231 1
 29 150 232 1
 38 151 233 1
 145 177 226 1
 139 173 229 1
 142 169 227 1
 148 165 228 1
 124 16 141 1
 122 25 138 1
 123 34 144 1
 125 43 147 1
 144 145 146 1
 141 142 143 1
 147 148 149 1
 138 139 140 1
 143 142 227 1
 146 145 226 1
 149 148 228 1
 140 139 229 1
 135 134 211 1
 131 130 214 1
 133 132 217 1
 137 136 220 1
 163 165 197 1
 167 169 195 1
 171 173 194 1
 175 177 196 1
 45 1 230 1
 36 2 233 1
 27 3 232 1
 18 4 231 1
 15 124 126 1
 24 122 127 1
 42 125 128 1
 33 123 129 1
 173 139 194 1
 169 142 195 1
 177 145 196 1
 165 148 197 1
 138 114 139 1
 144 115 145 1
 141 116 142 1
 147 117 148 1
 127 122 193 1
 126 124 190 1
 128 125 191 1
 129 123 192 1
 10 11 230 1
 19 20 231 1
 28 29 232 1
 37 38 233 1
 1 10 230 1
 2 37 233 1
 3 28 232 1
 4 19 231 1
 14 126 134 1
 23 127 130 1
 32 129 132 1
 41 128 136 1
 22 23 130 1
 31 32 132 1
 13 14 134 1
 40 41 136 1
 210 135 211 1
 213 131 214 1
 216 133 217 1
 219 137 220 1
 15 16 124 1
 24 25 122 1
 42 43 125 1
 33 34 123 1
 11 12 118 1
 20 21 119 1
 29 30 120 1
 38 39 121 1
 14 15 126 1
 23 24 127 1
 32 33 129 1
 41 42 128 1
 17 116 141 1
 26 114 138 1
 35 115 144 1
 44 117 147 1
 130 127 215 1
 132 129 218 1
 134 126 212 1
 136 128 221 1
 25 26 138 1
 16 17 141 1
 34 35 144 1
 43 44 147 1
 139 114 150 1
 145 115 151 1
 142 116 152 1
 148 117 153 1
 17 18 116 1
 26 27 114 1
 35 36 115 1
 44 45 117 1
 150 120 194 1
 151 121 196 1
 153 118 197 1
 152 119 195 1
 122 189 193 1
 123 186 192 1
 124 187 190 1
 125 188 191 1
 205 119 246 1
 203 118 249 1
 207 120 247 1
 209 121 248 1
 119 21 246 1
 121 39 248 1
 118 12 249 1
 120 30 247 1
 74 73 162 1
 85 84 166 1
 52 51 170 1
 63 62 174 1
 48 47 160 1
 59 58 161 1
 70 69 158 1
 81 80 159 1
 139 150 194 1
 142 152 195 1
 145 151 196 1
 148 153 197 1
 116 18 231 1
 114 27 232 1
 115 36 233 1
 117 45 230 1
 144 146 242 1
 141 143 243 1
 147 149 244 1
 138 140 245 1
 73 91 162 1
 84 90 166 1
 51 92 170 1
 62 93 174 1
 31 133 247 1
 22 131 246 1
 40 137 248 1
 13 135 249 1
 163 162 165 1
 167 166 169 1
 171 170 173 1
 175 174 177 1
 51 50 92 1
 62 61 93 1
 73 72 91 1
 84 83 90 1
 215 127 225 1
 218 129 222 1
 212 126 223 1
 221 128 224 1
 58 108 161 1
 47 109 160 1
 69 107 158 1
 80 106 159 1
 49 48 101 1
 60 59 98 1
 71 70 100 1
 82 81 99 1
 61 60 157 1
 50 49 154 1
 72 71 155 1
 83 82 156 1
 75 74 96 1
 86 85 97 1
 53 52 95 1
 64 63 94 1
 54 53 198 1
 65 64 199 1
 76 75 201 1
 87 86 200 1
 58 57 108 1
 47 46 109 1
 69 68 107 1
 80 79 106 1
 77 76 102 1
 55 54 104 1
 66 65 105 1
 88 87 103 1
 167 195 204 1
 163 197 202 1
 171 194 206 1
 175 196 208 1
 6 89 112 1
 7 56 113 1
 8 67 110 1
 9 78 111 1
 166 90 169 1
 162 91 165 1
 170 92 173 1
 174 93 177 1
 204 119 205 1
 202 118 203 1
 206 120 207 1
 208 121 209 1
 46 6 184 1
 57 7 185 1
 68 8 182 1
 79 9 183 1
 56 55 178 1
 67 66 179 1
 78 77 181 1
 89 88 180 1
 93 61 157 1
 92 50 154 1
 91 72 155 1
 90 83 156 1
 96 74 162 1
 97 85 166 1
 95 52 170 1
 94 63 174 1
 197 118 202 1
 194 120 206 1
 196 121 208 1
 195 119 204 1
 39 40 248 1
 21 22 246 1
 12 13 249 1
 30 31 247 1
 94 175 176 1
 95 171 172 1
 96 163 164 1
 97 167 168 1
 49 101 154 1
 60 98 157 1
 71 100 155 1
 82 99 156 1
 98 59 161 1
 100 70 158 1
 99 81 159 1
 101 48 160 1
 188 158 191 1
 187 159 190 1
 189 160 193 1
 186 161 192 1
 53 95 198 1
 64 94 199 1
 75 96 201 1
 86 97 200 1
 94 176 199 1
 95 172 198 1
 96 164 201 1
 97 168 200 1
 104 54 198 1
 105 65 199 1
 102 76 201 1
 103 87 200 1
 96 162 163 1
 97 166 167 1
 94 174 175 1
 95 170 171 1
 109 46 184 1
 108 57 185 1
 107 68 182 1
 106 79 183 1
 90 156 227 1
 91 155 228 1
 92 154 229 1
 93 157 226 1
 55 104 178 1
 66 105 179 1
 88 103 180 1
 77 102 181 1
 159 106 190 1
 158 107 191 1
 160 109 193 1
 161 108 192 1
 6 112 184 1
 7 113 185 1
 8 110 182 1
 9 111 183 1
 113 56 178 1
 112 89 180 1
 110 67 179 1
 111 78 181 1
 181 102 210 1
 180 103 213 1
 178 104 216 1
 179 105 219 1
 99 159 187 1
 100 158 188 1
 101 160 189 1
 98 161 186 1
 164 163 202 1
 168 167 204 1
 172 171 206 1
 176 175 208 1
 110 179 220 1
 111 181 211 1
 112 180 214 1
 113 178 217 1
 102 201 236 1
 104 198 234 1
 105 199 235 1
 103 200 237 1
 185 113 218 1
 182 110 221 1
 183 111 212 1
 184 112 215 1
 164 202 203 1
 176 208 209 1
 168 204 205 1
 172 206 207 1
 209 137 235 1
 207 133 234 1
 205 131 237 1
 203 135 236 1
 177 93 226 1
 169 90 227 1
 165 91 228 1
 173 92 229 1
 150 114 232 1
 151 115 233 1
 152 116 231 1
 153 117 230 1
 240 189 245 1
 241 186 242 1
 238 187 243 1
 239 188 244 1
 131 213 237 1
 133 216 234 1
 137 219 235 1
 135 210 236 1
 108 185 222 1
 109 184 225 1
 106 183 223 1
 107 182 224 1
 229 154 240 1
 226 157 241 1
 228 155 239 1
 227 156 238 1
 176 209 235 1
 164 203 236 1
 172 207 234 1
 168 205 237 1
 179 219 220 1
 178 216 217 1
 180 213 214 1
 181 210 211 1
 111 211 212 1
 112 214 215 1
 113 217 218 1
 110 220 221 1
 187 124 243 1
 188 125 244 1
 189 122 245 1
 186 123 242 1
 126 190 223 1
 128 191 224 1
 127 193 225 1
 129 192 222 1
 140 240 245 1
 146 241 242 1
 143 238 243 1
 149 239 244 1
 154 101 240 1
 156 99 238 1
 155 100 239 1
 157 98 241 1
 184 215 225 1
 185 218 222 1
 182 221 224 1
 183 212 223 1
 201 164 236 1
 198 172 234 1
 199 176 235 1
 200 168 237 1
 99 187 238 1
 100 188 239 1
 98 186 241 1
 101 189 240 1
 192 108 222 1
 193 109 225 1
 190 106 223 1
 191 107 224 1
 213 103 237 1
 216 104 234 1
 219 105 235 1
 210 102 236 1
 133 207 247 1
 131 205 246 1
 135 203 249 1
 137 209 248 1
 146 226 241 1
 140 229 240 1
 143 227 238 1
 149 228 239 1
 211 134 212 1
 220 136 221 1
 214 130 215 1
 217 132 218 1
 256 82 414 2
 265 383 420 2
 405 346 428 2
 383 265 435 2
 350 252 351 2
 392 253 429 2
 63 64 418 2
 251 405 428 2
 353 256 414 2
 418 349 442 2
 258 418 442 2
 351 252 354 2
 82 83 414 2
 257 380 404 2
 393 392 429 2
 253 392 408 2
 251 367 405 2
 380 257 433 2
 258 63 418 2
 367 251 422 2
 393 263 437 2
 263 393 446 2
 378 439 447 2
 354 267 358 2
 64 417 418 2
 373 415 431 2
 57 58 416 2
 439 250 447 2
 351 354 358 2
 252 350 417 2
 264 379 424 2
 255 71 411 2
 80 436 445 2
 379 380 424 2
 356 262 445 2
 266 267 354 2
 259 74 413 2
 386 356 445 2
 352 255 450 2
 436 386 445 2
 265 57 416 2
 71 72 411 2
 74 75 413 2
 415 254 431 2
 383 407 420 2
 255 352 426 2
 308 410 412 2
 346 413 428 2
 358 272 403 2
 351 358 403 2
 269 272 358 2
 357 338 359 2
 348 338 357 2
 270 357 359 2
 274 359 363 2
 359 338 363 2
 274 271 359 2
 361 276 402 2
 272 361 403 2
 339 361 402 2
 273 276 361 2
 360 274 363 2
 275 274 360 2
 365 280 387 2
 276 365 402 2
 341 365 387 2
 277 280 365 2
 360 363 401 2
 282 279 364 2
 362 360 401 2
 362 300 400 2
 287 282 364 2
 364 362 400 2
 279 278 364 2
 289 287 400 2
 8 68 261 2
 9 79 262 2
 6 46 263 2
 287 364 400 2
 342 387 395 2
 387 280 395 2
 7 57 265 2
 295 305 366 2
 345 303 371 2
 70 71 255 2
 81 82 256 2
 303 297 371 2
 286 285 370 2
 294 295 366 2
 340 349 350 2
 344 366 367 2
 59 60 254 2
 377 376 378 2
 295 301 305 2
 305 306 346 2
 298 355 371 2
 48 49 257 2
 302 297 303 2
 285 288 370 2
 339 335 340 2
 340 335 349 2
 344 294 366 2
 310 303 345 2
 292 293 294 2
 334 332 335 2
 294 293 295 2
 291 297 302 2
 291 296 297 2
 297 298 371 2
 332 343 368 2
 305 301 306 2
 342 381 387 2
 327 331 381 2
 331 330 332 2
 327 330 331 2
 286 370 394 2
 331 341 381 2
 327 329 330 2
 304 303 310 2
 298 353 355 2
 347 392 393 2
 299 294 344 2
 328 320 375 2
 323 342 397 2
 295 300 301 2
 331 332 334 2
 288 291 370 2
 297 296 298 2
 375 336 379 2
 328 375 376 2
 340 350 351 2
 320 318 375 2
 316 318 319 2
 316 319 372 2
 325 326 327 2
 334 335 339 2
 285 282 287 2
 288 290 291 2
 318 336 375 2
 325 327 381 2
 292 289 293 2
 376 375 379 2
 283 282 285 2
 342 325 381 2
 73 74 259 2
 283 285 286 2
 314 316 372 2
 319 318 320 2
 291 290 296 2
 323 325 342 2
 318 317 336 2
 84 85 260 2
 285 287 288 2
 311 310 392 2
 328 376 377 2
 295 293 300 2
 292 294 299 2
 62 63 258 2
 319 320 321 2
 335 332 368 2
 316 317 318 2
 326 333 382 2
 384 377 390 2
 291 302 370 2
 332 330 343 2
 281 283 284 2
 306 307 308 2
 322 320 328 2
 302 303 304 2
 288 287 289 2
 290 289 292 2
 65 66 252 2
 327 326 329 2
 333 384 390 2
 331 334 341 2
 321 320 322 2
 379 336 380 2
 321 322 323 2
 76 77 251 2
 382 333 383 2
 306 301 307 2
 326 324 333 2
 281 282 283 2
 288 289 290 2
 323 324 325 2
 381 341 387 2
 329 326 382 2
 281 279 282 2
 321 397 398 2
 314 315 316 2
 87 88 253 2
 322 328 384 2
 323 322 324 2
 333 324 384 2
 328 377 384 2
 313 311 347 2
 349 335 368 2
 325 324 326 2
 308 307 338 2
 368 343 369 2
 316 315 317 2
 312 313 314 2
 374 329 382 2
 338 307 363 2
 299 344 356 2
 396 372 399 2
 286 394 396 2
 330 329 373 2
 317 315 337 2
 309 296 391 2
 347 311 392 2
 314 313 315 2
 324 322 384 2
 299 385 391 2
 298 296 309 2
 304 310 311 2
 296 290 391 2
 313 347 388 2
 280 281 395 2
 373 329 374 2
 292 299 391 2
 278 362 364 2
 383 333 390 2
 299 356 385 2
 312 311 313 2
 298 309 353 2
 308 338 348 2
 385 309 391 2
 290 292 391 2
 280 279 281 2
 319 321 398 2
 315 313 388 2
 314 372 396 2
 337 315 388 2
 337 388 389 2
 343 330 373 2
 370 302 394 2
 284 283 399 2
 342 395 397 2
 304 311 312 2
 302 304 394 2
 281 284 395 2
 51 52 264 2
 304 312 394 2
 397 284 398 2
 398 284 399 2
 321 323 397 2
 286 396 399 2
 300 362 401 2
 385 356 386 2
 394 312 396 2
 372 319 398 2
 312 314 396 2
 278 360 362 2
 283 286 399 2
 277 279 280 2
 372 398 399 2
 395 284 397 2
 54 55 250 2
 293 289 400 2
 301 300 401 2
 363 307 401 2
 278 275 360 2
 277 278 279 2
 300 293 400 2
 307 301 401 2
 365 341 402 2
 341 334 402 2
 277 275 278 2
 276 277 365 2
 334 339 402 2
 276 275 277 2
 273 275 276 2
 273 274 275 2
 361 339 403 2
 339 340 403 2
 273 271 274 2
 272 273 361 2
 340 351 403 2
 272 271 273 2
 271 270 359 2
 269 271 272 2
 270 352 357 2
 269 270 271 2
 270 268 352 2
 380 336 404 2
 317 337 404 2
 267 269 358 2
 269 268 270 2
 336 317 404 2
 267 268 269 2
 256 353 425 2
 267 261 268 2
 352 268 406 2
 367 366 405 2
 305 346 405 2
 410 259 412 2
 261 68 406 2
 68 69 406 2
 392 310 408 2
 419 367 422 2
 306 308 412 2
 366 305 405 2
 263 389 437 2
 367 419 434 2
 355 260 430 2
 350 349 418 2
 86 409 448 2
 409 86 449 2
 353 309 425 2
 385 386 425 2
 425 386 436 2
 268 261 406 2
 412 259 413 2
 389 421 443 2
 408 345 409 2
 371 355 430 2
 343 373 431 2
 255 411 450 2
 346 412 413 2
 382 383 435 2
 347 393 437 2
 389 388 437 2
 383 390 407 2
 337 389 443 2
 357 352 450 2
 349 368 442 2
 377 378 447 2
 266 261 267 2
 409 345 430 2
 310 345 408 2
 410 348 411 2
 308 348 410 2
 346 306 412 2
 64 65 417 2
 65 252 417 2
 379 264 451 2
 355 353 414 2
 373 374 415 2
 389 263 441 2
 415 374 416 2
 9 262 419 2
 8 261 266 2
 78 9 419 2
 67 8 266 2
 56 7 420 2
 7 265 420 2
 48 257 421 2
 47 48 421 2
 354 252 440 2
 416 374 435 2
 265 416 435 2
 411 348 450 2
 408 409 449 2
 409 430 448 2
 251 77 422 2
 254 60 423 2
 50 51 424 2
 266 354 440 2
 77 78 422 2
 60 61 423 2
 62 258 427 2
 51 264 424 2
 344 367 434 2
 75 76 428 2
 416 58 444 2
 88 89 429 2
 52 53 432 2
 256 425 436 2
 70 255 426 2
 260 355 453 2
 352 406 426 2
 69 70 426 2
 257 49 433 2
 250 407 447 2
 407 390 447 2
 421 389 441 2
 309 385 425 2
 80 81 436 2
 376 379 451 2
 73 259 438 2
 54 250 439 2
 252 66 440 2
 263 46 441 2
 59 254 444 2
 79 80 445 2
 6 263 446 2
 413 75 428 2
 85 86 448 2
 86 87 449 2
 83 84 453 2
 250 55 452 2
 253 408 449 2
 432 53 439 2
 61 62 427 2
 417 350 418 2
 262 356 434 2
 420 407 452 2
 76 251 428 2
 429 89 446 2
 356 344 434 2
 253 88 429 2
 406 69 426 2
 345 371 430 2
 369 343 431 2
 264 52 432 2
 78 419 422 2
 49 50 433 2
 378 432 439 2
 407 250 452 2
 374 382 435 2
 81 256 436 2
 388 347 437 2
 259 410 438 2
 393 429 446 2
 50 424 433 2
 427 258 442 2
 254 423 431 2
 72 73 438 2
 369 423 427 2
 423 61 427 2
 415 416 444 2
 414 83 453 2
 257 404 443 2
 53 54 439 2
 254 415 444 2
 66 67 440 2
 46 47 441 2
 424 380 433 2
 423 369 431 2
 368 369 442 2
 404 337 443 2
 58 59 444 2
 378 376 451 2
 262 79 445 2
 89 6 446 2
 355 414 453 2
 67 266 440 2
 390 377 447 2
 47 421 441 2
 430 260 448 2
 260 85 448 2
 348 357 450 2
 87 253 449 2
 369 427 442 2
 56 420 452 2
 55 56 452 2
 410 411 438 2
 411 72 438 2
 84 260 453 2
 419 262 434 2
 421 257 443 2
 432 378 451 2
 264 432 451 2
 End
